0 -nan
0.1 1.81478e+265
0.2 2.99112e+244
0.3 4.77342e+229
0.4 6.22818e+217
0.5 5.54739e+207
0.6 1.02023e+199
0.7 1.96038e+191
0.8 2.55293e+184
0.9 1.67376e+178
1 4.45019e+172
1.1 4.07114e+167
1.2 1.12618e+163
1.3 8.48728e+158
1.4 1.59885e+155
1.5 7.00217e+151
1.6 6.69933e+148
1.7 1.3263e+146
1.8 5.17837e+143
1.9 3.81899e+141
2 5.11544e+139
2.1 1.20055e+138
2.2 4.7752e+136
2.3 3.12083e+135
2.4 3.25561e+134
2.5 5.2754e+133
2.6 1.29419e+133
2.7 4.69168e+132
2.8 2.45629e+132
2.9 1.81719e+132
3 1.86085e+132
3.1 2.58634e+132
3.2 4.78864e+132
3.3 1.16031e+133
3.4 3.61769e+133
3.5 1.42821e+134
3.6 7.03093e+134
3.7 4.25368e+135
3.8 3.11915e+136
3.9 2.73595e+137
4 2.83497e+138
4.1 3.42926e+139
4.2 4.78817e+140
4.3 7.63509e+141
4.4 1.37637e+143
4.5 2.77822e+144
4.6 6.22253e+145
4.7 1.53323e+147
4.8 4.12252e+148
4.9 1.20035e+150
5 3.75753e+151
5.1 1.25598e+153
5.2 4.4541e+154
5.3 1.66573e+156
5.4 6.53192e+157
5.5 2.67142e+159
5.6 1.13376e+161
5.7 4.96964e+162
5.8 2.23986e+164
5.9 1.03371e+166
6 4.86595e+167
